name: env_uv_202601
channels:
  - conda-forge
dependencies:
  - bzip2=1.0.8=h0ad9c76_8
  - ca-certificates=2026.1.4=h4c7d964_0
  - libexpat=2.7.3=hac47afa_0
  - libffi=3.5.2=h52bdfb6_0
  - liblzma=5.8.1=h2466b09_2
  - libsqlite=3.51.2=hf5d6505_0
  - libzlib=1.3.1=h2466b09_2
  - nodejs=25.2.1=he453025_1
  - openssl=3.6.0=h725018a_0
  - pip=25.3=pyh8b19718_0
  - python=3.12.12=h0159041_1_cpython
  - setuptools=80.9.0=pyhff2d567_0
  - tk=8.6.13=h2c6b04d_3
  - tzdata=2025c=hc9c84f9_1
  - ucrt=10.0.26100.0=h57928b3_0
  - uv=0.9.26=h3bd95fe_0
  - vc=14.3=h41ae7f8_34
  - vc14_runtime=14.44.35208=h818238b_34
  - vcomp14=14.44.35208=h818238b_34
  - wheel=0.45.1=pyhd8ed1ab_1
prefix: C:\Users\chiuw\miniforge3\envs\env_uv_202601
