name: env_uv_202512
channels:
  - conda-forge
dependencies:
  - bzip2=1.0.8
  - ca-certificates=2025.11.12
  - libexpat=2.7.3
  - libffi=3.5.2
  - liblzma=5.8.1
  - libsqlite=3.51.1
  - libzlib=1.3.1
  - openssl=3.6.0
  - pip=25.3
  - python=3.12.12
  - setuptools=80.9.0
  - tk=8.6.13
  - ucrt=10.0.26100.0
  - uv=0.9.14
  - vc=14.3
  - vc14_runtime=14.44.35208
  - vcomp14=14.44.35208
  - wheel=0.45.1
prefix: C:\Users\chiuw\miniforge3\envs\env_uv_202512
